%YAML:1.0
---
R: !!opencv-matrix
   rows: 3
   cols: 3
   dt: d
   data: [ 9.9992747689309758e-01, 3.5014504334675723e-03,
       1.1523055109901587e-02, -3.5996038384128798e-03,
       9.9995732480867450e-01, 8.5083143856724847e-03,
       -1.1492771920226319e-02, -8.5491757696825859e-03,
       9.9989740863112986e-01 ]
T: !!opencv-matrix
   rows: 3
   cols: 1
   dt: d
   data: [ 2.9190304661481505e+00, 1.1568122721924569e-02,
       -4.1749752195398414e-02 ]
R1: !!opencv-matrix
   rows: 3
   cols: 3
   dt: d
   data: [ 9.9996746292338567e-01, 7.5857231321451914e-03,
       -2.7440661671576608e-03, -7.5740193578808001e-03,
       9.9996228234462947e-01, 4.2506609939967008e-03,
       2.7762070048447220e-03, -4.2297390796449189e-03,
       9.9998720090908377e-01 ]
R2: !!opencv-matrix
   rows: 3
   cols: 3
   dt: d
   data: [ 9.9988988318405292e-01, 3.9625653144865413e-03,
       -1.4301034309077200e-02, -4.0231710986106950e-03,
       9.9998303819214884e-01, -4.2115819249518519e-03,
       1.4284103069226246e-02, 4.2686536668726967e-03,
       9.9988886532223165e-01 ]
P1: !!opencv-matrix
   rows: 3
   cols: 4
   dt: d
   data: [ 5.1432084607995694e+02, 0., 3.2840932846069336e+02, 0., 0.,
       5.1432084607995694e+02, 2.3989493942260742e+02, 0., 0., 0., 1.,
       0. ]
P2: !!opencv-matrix
   rows: 3
   cols: 4
   dt: d
   data: [ 5.1432084607995694e+02, 0., 3.2840932846069336e+02,
       1.5014835576710555e+03, 0., 5.1432084607995694e+02,
       2.3989493942260742e+02, 0., 0., 0., 1., 0. ]
Q: !!opencv-matrix
   rows: 4
   cols: 4
   dt: d
   data: [ 1., 0., 0., -3.2840932846069336e+02, 0., 1., 0.,
       -2.3989493942260742e+02, 0., 0., 0., 5.1432084607995694e+02, 0.,
       0., -3.4254177706595584e-01, 0. ]
