%YAML:1.0
---
M1: !!opencv-matrix
   rows: 3
   cols: 3
   dt: d
   data: [ 5.1252892491269824e+02, 0., 3.2492203955532182e+02, 0.,
       5.1126372173162605e+02, 2.4699833538707603e+02, 0., 0., 1. ]
D1: !!opencv-matrix
   rows: 1
   cols: 14
   dt: d
   data: [ 2.6473464875521713e-01, -6.9591072625475470e-01, 0., 0., 0.,
       0., 0., -6.5750226145344637e-01, 0., 0., 0., 0., 0., 0. ]
M2: !!opencv-matrix
   rows: 3
   cols: 3
   dt: d
   data: [ 5.1252892491269824e+02, 0., 3.2072168263430592e+02, 0.,
       5.1126372173162605e+02, 2.3310858480712943e+02, 0., 0., 1. ]
D2: !!opencv-matrix
   rows: 1
   cols: 14
   dt: d
   data: [ 1.8862275451541188e-01, -3.9084531660745891e-01, 0., 0., 0.,
       0., 0., -3.0646129875356098e-01, 0., 0., 0., 0., 0., 0. ]
